99
99
100
101
102
103
104
104
104
105
105
105
105
105
105
105
105
104
104
104
104
104
104
104
104
104
103
103
103
103
103
103
103
103
103
103
104
104
104
104
104
104
103
103
103
103
103
103
103
103
103
103
103
103
103
103
103
103
103
103
103
103
103
103
103
103
103
103
103
103
103
103
103
103
104
104
104
105
105
105
106
106
106
105
105
105
105
104
104
104
104
104
104
104
104
104
104
104
104
104
104
104
104
104
104
105
106
107
108
110
112
114
115
116
117
118
118
118
117
117
116
115
114
113
112
111
110
109
107
106
105
104
103
103
103
103
103
103
103
103
103
103
103
103
103
103
104
104
104
104
104
104
104
104
105
105
106
107
108
110
112
114
116
118
120
121
122
122
122
121
120
120
119
117
116
114
112
110
109
107
106
105
104
103
102
101
100
99
98
97
96
96
95
95
96
97
99
101
103
105
106
107
108
108
110
112
115
120
126
134
142
149
154
157
157
155
150
145
139
132
127
121
117
114
111
109
108
106
105
105
104
104
104
104
104
104
104
104
104
104
105
105
105
106
106
107
107
107
107
107
107
107
107
106
106
105
105
104
102
101
99
98
96
95
95
